t_hough	t_fill	t_max_locale	t_max_alt	num_hit
3.448	34	2.644	4.336	186			nsig=5		nbg=0
4.274	37	2.752	4.307	240
4.180	37	2.670	4.303	232
4.128	37	2.697	4.292	230
3.083	34	2.601	4.296	172
4.847	38	2.775	4.296	270
3.980	35	2.665	4.288	200
3.633	35	2.660	4.302	200
3.927	36	2.654	4.286	220
4.027	35	2.712	4.298	192
17.124	82	2.768	4.373	968			nsig=5		nbg=5					2.755
17.573	83	2.783	4.311	988													2.878
17.410	84	2.819	4.317	984													2.801
16.671	81	2.656	4.316	942													3.066
17.334	83	2.786	4.320	978													2.912
16.993	82	2.694	4.316	954													2.869
17.630	84	2.821	4.334	992													2.865
16.665	81	2.667	4.308	944													2.904	
16.359	80	2.682	4.327	928													2.754
16.803	81	2.700	4.328	952													2.810
34.253	146	4.421	4.428	1928			nsig=10		nbg=5
33.121	140	4.385	4.414	1864
34.492	140	4.376	4.388	1926
33.429	139	4.401	4.399	1902
33.270	139	4.378	4.401	1892
34.341	141	4.387	4.400	1950
34.448	141	4.392	4.355	1942
33.355	137	4.400	4.411	1886
34.179	145	4.377	4.389	1974
35.030	144	4.397	4.397	1990
60.229	374	3.282	4.421	3402			nsig=10		nbg=10
60.291	429	3.631	4.402	3452
61.008	440	3.725	4.411	3480
60.739	444	3.500	4.405	3450
59.164	440	3.104	4.397	3414
60.423	433	3.304	5.067	3404
60.335	436	3.193	4.422	3406
59.988	433	3.196	4.407	3408
60.049	434	3.130	4.394	3402
59.440	424	3.408	4.410	3356
87.224	550	3.358	4.453	4876			nsig=10		nbg=15
87.827	612	3.610	4.429	4932
87.363	616	3.313	4.436	4888
89.773	629	4.348	4.439	4980
87.337	620	3.317	4.414	4906
87.831	619	3.241	4.423	4890
87.528	612	3.495	4.449	4898
86.445	618	3.091	4.402	4860
88.085	622	3.293	4.416	4922
86.359	615	3.183	4.426	4838
130.205	830	7.546	4.720	7372			nsig=15 		nbg=15					
127.953	908	5.516	4.693	7278
130.806	937	8.121	4.737	7426
130.090	944	5.828	4.696	7366
130.347	972	9.500	4.754	7476
131.058	973	8.478	4.740	7476
129.723	934	5.970	4.725	7368
131.133	961	7.257	4.719	7430
130.270	964	5.607	4.664	7354
131.093	971	9.198	4.712	7420










