t_hough		t_fill		t_max_locale		t_max_alt		num_hit
0.023			0.117				0.549					1.060				164			num_sig=5	num_bkg=0
0.013			0.159				0.475					1.041				244
0.013			0.172				0.609					1.043				208
0.013			0.135				0.429					0.999				224
0.013			0.197				0.467					1.036				256
0.012			0.143				0.429					1.007				192
0.012			0.174				0.449					1.024				198
0.122			0.162				0.450					1.011				210
0.122			0.132				0.426					0.999				204
0.014			0.197				0.380					1.013				250

0.036			0.583				0.478					1.047				940		num_sig=5	num_bkg=5
0.025			0.558				0.556					1.040				986
0.024			0.613				0.509					1.030				924
0.025			0.592				0.374					1.041				988
0.023			0.579				0.375					1.031				920
0.023			0.613				0.509					1.028				936
0.024			0.541				0.431					1.034				942
0.024			0.587				0.440					1.028				960
0.023			0.609				0.417					1.019				950
0.024			0.594				0.398					1.051				940

0.053			1.137				0.627					1.150				1922		num_sig=10	num_bkg=5	
0.041			1.081				0.535					1.077				1858
0.042			1.056				0.586					1.061				1930
0.043			1.176				0.596					1.112				1966
0.041			1.091				0.659					1.014				1884
0.048			1.051				0.648					1.082				1880
0.041			1.069				0.655					1.101				1878
0.042			1.171				0.828					1.092				1930
0.035			0.881				0.575					0.942				1844
0.036			0.950				0.605					0.976				1896

0.084			1.923				0.643					1.146				3420		num_sig=10	num_bkg=10
0.068			1.847				0.709					1.115				3344
0.069			1.980				1.069					1.094				3392
0.072			1.943				0.987					1.091				3460
0.070			2.009				0.834					1.115				3478
0.079			2.030				0.836					1.112				3442
0.070			1.927				0.790					1.092				3418
0.071			1.997				0.734					1.016				3440
0.070			1.649				0.638					1.008				3444
0.061			1.649				0.608					1.005				3420

0.107			2.754				0.916					1.203				4902			num_sig=10	num_bkg=15					
0.100			2.855				2.163					1.225				5056
0.097			2.813				1.355					1.178				4960	
0.098			2.837				0.818					1.165				4896
0.096			2.732				0.787					1.152				4854
0.098			2.659				0.944					1.035				4944
0.082			2.290				1.140					1.002				4894
0.084			1.256				0.749					1.043				4874
0.084			2.306				1.048					1.041				4948
0.084			2.337				1.244					1.065				4960

0.152			4.167				2.665					1.713				7302			num_sig=15	num_bkg=15
0.143			4.177				2.813					1.517				7370
0.124			3.441				3.563					1.672				7330
0.127			3.405				4.900					1.763				7474
0.124			3.379				1.816					1.447				7298
0.123			3.334				1.814					1.587				7262
0.123			3.421				3.578					1.622				7394
0.128			3.482				4.408					1.443				7470
0.123			3.393				2.573					1.568				7348
0.122			3.355				2.488					1.546				7350


























